   NFVALS =  500   F = 1.340936E-02    MAXCV = 0.000000E+00
   X = 1.281237E+00   4.728652E-01  -1.145399E-01  -9.735858E-02  -1.102620E-01
       2.113589E+00   1.602454E+00   1.679997E-01   1.141059E-01   1.396259E+00
       1.925130E+00   6.330990E-01   4.502618E-01   3.800688E-01   3.828095E-01
       5.469752E-01   2.476994E-01   6.162670E-01   1.107832E+00   5.869893E-01
       4.030698E-01   7.762181E-01   3.071116E-01   6.616540E-01   1.930109E+00
       4.775072E-01   4.801040E-01   1.281691E+00   8.486309E-01   5.591673E-01
       3.261449E-01   8.519813E-01   7.043993E-01   2.578880E-01   4.151769E-01
      -2.818332E-02   1.643875E+00   2.876480E-01   2.416824E-01   2.574977E-01
       1.684633E+00   7.703227E-01   5.871530E-01   4.247011E-01   5.357488E-01
       1.175695E+00   9.720109E-01   3.890242E-01   1.236170E+00  -8.379880E-03
       1.281292E-01   6.636990E-01   1.049428E+00   9.821857E-01   3.015807E-01
Fit in 20.63 seconds
Fidelity of our Output State with our Input State:  0.1345210391351199
